Threads: 2
AVG Time: 0.015000 seconds
Deviation: 0.015000

Threads: 4
AVG Time: 0.015000 seconds
Deviation: 0.015000

Threads: 8
AVG Time: 0.015000 seconds
Deviation: 0.015000

Threads: 16
AVG Time: 0.012500 seconds
Deviation: 0.012990

