Threads: 2
AVG Time: 35.525000 seconds
Deviation: 1.385000

Threads: 4
AVG Time: 18.485000 seconds
Deviation: 0.185000

Threads: 8
AVG Time: 9.765000 seconds
Deviation: 0.085000

Threads: 16
AVG Time: 10.950000 seconds
Deviation: 0.180000

