Threads: 2
AVG Time: 16.630000 seconds
Deviation: 0.781889

Threads: 4
AVG Time: 8.852500 seconds
Deviation: 0.263569

Threads: 8
AVG Time: 4.595000 seconds
Deviation: 0.152069

Threads: 16
AVG Time: 8.937500 seconds
Deviation: 2.257481

