Threads: 2
AVG Time: 1.763000 seconds
Deviation: 0.004583

Threads: 4
AVG Time: 0.795000 seconds
Deviation: 0.006708

Threads: 8
AVG Time: 0.250000 seconds
Deviation: 0.000000

Threads: 16
AVG Time: 0.249500 seconds
Deviation: 0.003841

