Threads: 2
AVG Time: 56.151500 seconds
Deviation: 0.151831

Threads: 4
AVG Time: 29.982000 seconds
Deviation: 0.317184

Threads: 8
AVG Time: 16.306500 seconds
Deviation: 0.042811

Threads: 16
AVG Time: 13.644000 seconds
Deviation: 0.022000

