Threads: 2
AVG Time: 0.960000 seconds
Deviation: 0.010000

Threads: 4
AVG Time: 0.355000 seconds
Deviation: 0.005000

Threads: 8
AVG Time: 0.150000 seconds
Deviation: 0.000000

Threads: 16
AVG Time: 0.640000 seconds
Deviation: 0.110000

