Threads: 2
AVG Time: 4.566667 seconds
Deviation: 6.149739

Threads: 4
AVG Time: 2.396667 seconds
Deviation: 3.389399

Threads: 8
AVG Time: 1.140000 seconds
Deviation: 1.584003

Threads: 16
AVG Time: 1.410000 seconds
Deviation: 1.979916

