Threads: 2
AVG Time: 2.959000 seconds
Deviation: 0.004359

Threads: 4
AVG Time: 1.486000 seconds
Deviation: 0.018000

Threads: 8
AVG Time: 0.422500 seconds
Deviation: 0.004330

Threads: 16
AVG Time: 0.418000 seconds
Deviation: 0.005099

