Threads: 2
AVG Time: 62.674000 seconds
Deviation: 0.231676

Threads: 4
AVG Time: 33.727500 seconds
Deviation: 0.294922

Threads: 8
AVG Time: 18.410000 seconds
Deviation: 0.068118

Threads: 16
AVG Time: 15.078500 seconds
Deviation: 0.031980

