Threads: 2
AVG Time: 96.380000 seconds
Deviation: 0.120000

Threads: 4
AVG Time: 49.690000 seconds
Deviation: 0.220000

Threads: 8
AVG Time: 26.390000 seconds
Deviation: 0.100000

Threads: 16
AVG Time: 24.000000 seconds
Deviation: 1.000000

