Threads: 2
AVG Time: 20.230000 seconds
Deviation: 0.130000

Threads: 4
AVG Time: 10.910000 seconds
Deviation: 0.140000

Threads: 8
AVG Time: 5.725000 seconds
Deviation: 0.115000

Threads: 16
AVG Time: 7.295000 seconds
Deviation: 1.155000

