Threads: 2
AVG Time: 25.811500 seconds
Deviation: 0.077928

Threads: 4
AVG Time: 14.015500 seconds
Deviation: 0.120891

Threads: 8
AVG Time: 7.540000 seconds
Deviation: 0.029833

Threads: 16
AVG Time: 6.097000 seconds
Deviation: 0.017635

