Threads: 2
AVG Time: 26.086500 seconds
Deviation: 0.079641

Threads: 4
AVG Time: 14.178500 seconds
Deviation: 0.177208

Threads: 8
AVG Time: 7.567000 seconds
Deviation: 0.016462

Threads: 16
AVG Time: 6.134500 seconds
Deviation: 0.014654

