Threads: 2
AVG Time: 35.265500 seconds
Deviation: 0.089915

Threads: 4
AVG Time: 19.582000 seconds
Deviation: 0.164061

Threads: 8
AVG Time: 10.531000 seconds
Deviation: 0.021424

Threads: 16
AVG Time: 8.677000 seconds
Deviation: 0.011874

