Threads: 2
AVG Time: 31.293500 seconds
Deviation: 0.050227

Threads: 4
AVG Time: 17.285500 seconds
Deviation: 0.174914

Threads: 8
AVG Time: 9.187000 seconds
Deviation: 0.015843

Threads: 16
AVG Time: 7.507000 seconds
Deviation: 0.012689

