Threads: 2
AVG Time: 86.660000 seconds
Deviation: 9.400000

Threads: 4
AVG Time: 38.105000 seconds
Deviation: 0.545000

Threads: 8
AVG Time: 20.635000 seconds
Deviation: 0.505000

Threads: 16
AVG Time: 23.515000 seconds
Deviation: 2.165000

