Threads: 2
AVG Time: 7.665000 seconds
Deviation: 0.115000

Threads: 4
AVG Time: 4.025000 seconds
Deviation: 0.025000

Threads: 8
AVG Time: 1.745000 seconds
Deviation: 0.005000

Threads: 16
AVG Time: 4.060000 seconds
Deviation: 1.870000

