Threads: 2
AVG Time: 13.105000 seconds
Deviation: 0.075000

Threads: 4
AVG Time: 7.080000 seconds
Deviation: 0.030000

Threads: 8
AVG Time: 3.480000 seconds
Deviation: 0.020000

Threads: 16
AVG Time: 5.530000 seconds
Deviation: 1.100000

