Threads: 2
AVG Time: 5.010000 seconds
Deviation: 0.160000

Threads: 4
AVG Time: 2.655000 seconds
Deviation: 0.095000

Threads: 8
AVG Time: 1.005000 seconds
Deviation: 0.045000

Threads: 16
AVG Time: 1.400000 seconds
Deviation: 0.460000

