Threads: 2
AVG Time: 2.070000 seconds
Deviation: 0.020000

Threads: 4
AVG Time: 0.930000 seconds
Deviation: 0.020000

Threads: 8
AVG Time: 0.310000 seconds
Deviation: 0.010000

Threads: 16
AVG Time: 0.700000 seconds
Deviation: 0.220000

