Threads: 2
AVG Time: 18.084500 seconds
Deviation: 0.037480

Threads: 4
AVG Time: 9.853000 seconds
Deviation: 0.062056

Threads: 8
AVG Time: 5.307000 seconds
Deviation: 0.011000

Threads: 16
AVG Time: 3.923000 seconds
Deviation: 0.021471

