Threads: 2
AVG Time: 9.233500 seconds
Deviation: 0.025155

Threads: 4
AVG Time: 4.880500 seconds
Deviation: 0.044326

Threads: 8
AVG Time: 2.221000 seconds
Deviation: 0.018138

Threads: 16
AVG Time: 1.766500 seconds
Deviation: 0.011948

