Threads: 2
AVG Time: 1.030000 seconds
Deviation: 0.000000

Threads: 4
AVG Time: 0.390000 seconds
Deviation: 0.000000

Threads: 8
AVG Time: 0.155000 seconds
Deviation: 0.005000

Threads: 16
AVG Time: 0.360000 seconds
Deviation: 0.040000

