Threads: 2
AVG Time: 2.981500 seconds
Deviation: 0.003571

Threads: 4
AVG Time: 1.510000 seconds
Deviation: 0.016432

Threads: 8
AVG Time: 0.446500 seconds
Deviation: 0.004770

Threads: 16
AVG Time: 0.440500 seconds
Deviation: 0.009734

