Threads: 2
AVG Time: 58.995000 seconds
Deviation: 0.585000

Threads: 4
AVG Time: 39.130000 seconds
Deviation: 0.920000

Threads: 8
AVG Time: 34.995000 seconds
Deviation: 1.965000

Threads: 16
AVG Time: 50.375000 seconds
Deviation: 3.735000

