Threads: 2
AVG Time: 0.320000 seconds
Deviation: 0.007071

Threads: 4
AVG Time: 0.100000 seconds
Deviation: 0.007071

Threads: 8
AVG Time: 0.070000 seconds
Deviation: 0.007071

Threads: 16
AVG Time: 0.097500 seconds
Deviation: 0.012990

