Threads: 2
AVG Time: 0.325000 seconds
Deviation: 0.005000

Threads: 4
AVG Time: 0.100000 seconds
Deviation: 0.000000

Threads: 8
AVG Time: 0.070000 seconds
Deviation: 0.000000

Threads: 16
AVG Time: 0.150000 seconds
Deviation: 0.020000

