Threads: 2
AVG Time: 3.460000 seconds
Deviation: 0.010000

Threads: 4
AVG Time: 1.725000 seconds
Deviation: 0.015000

Threads: 8
AVG Time: 0.525000 seconds
Deviation: 0.015000

Threads: 16
AVG Time: 1.015000 seconds
Deviation: 0.105000

