Threads: 2
AVG Time: 11.305000 seconds
Deviation: 0.145000

Threads: 4
AVG Time: 5.685000 seconds
Deviation: 0.075000

Threads: 8
AVG Time: 2.620000 seconds
Deviation: 0.080000

Threads: 16
AVG Time: 4.275000 seconds
Deviation: 1.085000

