Threads: 2
AVG Time: 9.735000 seconds
Deviation: 0.095000

Threads: 4
AVG Time: 5.195000 seconds
Deviation: 0.045000

Threads: 8
AVG Time: 2.355000 seconds
Deviation: 0.025000

Threads: 16
AVG Time: 3.310000 seconds
Deviation: 0.510000

