Threads: 2
AVG Time: 16.355000 seconds
Deviation: 0.025000

Threads: 4
AVG Time: 8.780000 seconds
Deviation: 0.090000

Threads: 8
AVG Time: 4.470000 seconds
Deviation: 0.030000

Threads: 16
AVG Time: 4.720000 seconds
Deviation: 0.340000

