Threads: 2
AVG Time: 20.975000 seconds
Deviation: 1.126377

Threads: 4
AVG Time: 10.987500 seconds
Deviation: 0.403136

Threads: 8
AVG Time: 5.860000 seconds
Deviation: 0.298580

Threads: 16
AVG Time: 8.927500 seconds
Deviation: 4.367026

