Threads: 2
AVG Time: 69.090000 seconds
Deviation: 2.640000

Threads: 4
AVG Time: 32.945000 seconds
Deviation: 0.115000

Threads: 8
AVG Time: 15.890000 seconds
Deviation: 0.130000

Threads: 16
AVG Time: 20.215000 seconds
Deviation: 4.075000

