Threads: 2
AVG Time: 76.703000 seconds
Deviation: 0.836906

Threads: 4
AVG Time: 42.960000 seconds
Deviation: 0.323558

Threads: 8
AVG Time: 23.668500 seconds
Deviation: 0.062312

Threads: 16
AVG Time: 16.853000 seconds
Deviation: 0.028827

