Threads: 2
AVG Time: 30.848000 seconds
Deviation: 0.081154

Threads: 4
AVG Time: 16.983000 seconds
Deviation: 0.199977

Threads: 8
AVG Time: 9.162000 seconds
Deviation: 0.021587

Threads: 16
AVG Time: 7.478000 seconds
Deviation: 0.012083

