Threads: 2
AVG Time: 35.037500 seconds
Deviation: 0.188597

Threads: 4
AVG Time: 19.532500 seconds
Deviation: 0.187667

Threads: 8
AVG Time: 10.501500 seconds
Deviation: 0.027436

Threads: 16
AVG Time: 8.654000 seconds
Deviation: 0.012806

