Threads: 2
AVG Time: 9.345000 seconds
Deviation: 0.010247

Threads: 4
AVG Time: 4.921500 seconds
Deviation: 0.037185

Threads: 8
AVG Time: 2.280500 seconds
Deviation: 0.011169

Threads: 16
AVG Time: 1.819500 seconds
Deviation: 0.004975

