Threads: 2
AVG Time: 36.357500 seconds
Deviation: 0.222977

Threads: 4
AVG Time: 18.855000 seconds
Deviation: 0.231355

Threads: 8
AVG Time: 9.790000 seconds
Deviation: 0.131909

Threads: 16
AVG Time: 13.585000 seconds
Deviation: 3.873871

