Threads: 2
AVG Time: 22.718000 seconds
Deviation: 0.045011

Threads: 4
AVG Time: 12.377000 seconds
Deviation: 0.076361

Threads: 8
AVG Time: 6.439000 seconds
Deviation: 0.010440

Threads: 16
AVG Time: 4.925000 seconds
Deviation: 0.012450

