Threads: 2
AVG Time: 6.879000 seconds
Deviation: 0.007000

Threads: 4
AVG Time: 3.684000 seconds
Deviation: 0.034554

Threads: 8
AVG Time: 1.620500 seconds
Deviation: 0.005895

Threads: 16
AVG Time: 1.225000 seconds
Deviation: 0.006708

