Threads: 2
AVG Time: 22.307000 seconds
Deviation: 0.098949

Threads: 4
AVG Time: 12.126500 seconds
Deviation: 0.111726

Threads: 8
AVG Time: 6.357000 seconds
Deviation: 0.019261

Threads: 16
AVG Time: 4.844000 seconds
Deviation: 0.016852

