Threads: 2
AVG Time: 62.890000 seconds
Deviation: 0.000000

Threads: 4
AVG Time: 29.380000 seconds
Deviation: 0.000000

Threads: 8
AVG Time: 15.050000 seconds
Deviation: 0.000000

Threads: 16
AVG Time: 13.870000 seconds
Deviation: 0.000000

