Threads: 2
AVG Time: 76.420000 seconds
Deviation: 0.000000

Threads: 4
AVG Time: 40.230000 seconds
Deviation: 0.000000

Threads: 8
AVG Time: 21.060000 seconds
Deviation: 0.000000

Threads: 16
AVG Time: 18.490000 seconds
Deviation: 0.000000

