Threads: 2
AVG Time: 0.012000 seconds
Deviation: 0.012490

Threads: 4
AVG Time: 0.010750 seconds
Deviation: 0.011043

Threads: 8
AVG Time: 0.011500 seconds
Deviation: 0.011948

Threads: 16
AVG Time: 0.011500 seconds
Deviation: 0.011948

