Threads: 2
AVG Time: 83.888500 seconds
Deviation: 0.940756

Threads: 4
AVG Time: 48.408500 seconds
Deviation: 0.522439

Threads: 8
AVG Time: 26.623000 seconds
Deviation: 0.295941

Threads: 16
AVG Time: 19.075500 seconds
Deviation: 0.127141

