Threads: 2
AVG Time: 24.604500 seconds
Deviation: 0.187309

Threads: 4
AVG Time: 14.066500 seconds
Deviation: 0.096347

Threads: 8
AVG Time: 7.493000 seconds
Deviation: 0.027767

Threads: 16
AVG Time: 6.586000 seconds
Deviation: 0.036524

