Threads: 2
AVG Time: 103.070000 seconds
Deviation: 0.000000

Threads: 4
AVG Time: 55.670000 seconds
Deviation: 0.000000

Threads: 8
AVG Time: 28.490000 seconds
Deviation: 0.000000

Threads: 16
AVG Time: 22.590000 seconds
Deviation: 0.000000

