Threads: 2
AVG Time: 0.011000 seconds
Deviation: 0.011358

Threads: 4
AVG Time: 0.012250 seconds
Deviation: 0.012745

Threads: 8
AVG Time: 0.011000 seconds
Deviation: 0.011358

Threads: 16
AVG Time: 0.011500 seconds
Deviation: 0.011948

