Threads: 2
AVG Time: 0.014750 seconds
Deviation: 0.014830

Threads: 4
AVG Time: 0.012250 seconds
Deviation: 0.012745

Threads: 8
AVG Time: 0.013000 seconds
Deviation: 0.013454

Threads: 16
AVG Time: 0.016250 seconds
Deviation: 0.017130

