Threads: 2
AVG Time: 45.270000 seconds
Deviation: 0.000000

Threads: 4
AVG Time: 22.910000 seconds
Deviation: 0.000000

Threads: 8
AVG Time: 11.320000 seconds
Deviation: 0.000000

Threads: 16
AVG Time: 11.660000 seconds
Deviation: 0.000000

