Threads: 2
AVG Time: 0.015000 seconds
Deviation: 0.015000

Threads: 4
AVG Time: 0.011750 seconds
Deviation: 0.012224

Threads: 8
AVG Time: 0.011000 seconds
Deviation: 0.011358

Threads: 16
AVG Time: 0.011250 seconds
Deviation: 0.011659

