Threads: 2
AVG Time: 29.780000 seconds
Deviation: 0.000000

Threads: 4
AVG Time: 15.690000 seconds
Deviation: 0.000000

Threads: 8
AVG Time: 8.550000 seconds
Deviation: 0.000000

Threads: 16
AVG Time: 10.680000 seconds
Deviation: 0.000000

