Threads: 2
AVG Time: 102.684500 seconds
Deviation: 0.705156

Threads: 4
AVG Time: 61.038000 seconds
Deviation: 0.600630

Threads: 8
AVG Time: 35.661000 seconds
Deviation: 0.378205

Threads: 16
AVG Time: 24.425000 seconds
Deviation: 0.222070

