Threads: 2
AVG Time: 49.624000 seconds
Deviation: 0.614755

Threads: 4
AVG Time: 26.853500 seconds
Deviation: 0.241832

Threads: 8
AVG Time: 14.328500 seconds
Deviation: 0.072751

Threads: 16
AVG Time: 11.665000 seconds
Deviation: 0.058009

