Threads: 2
Size: 20000
AVG Time: 0.320000 seconds
Deviation: 0.010000

Threads: 4
Size: 40000
AVG Time: 0.880000 seconds
Deviation: 0.000000

Threads: 8
Size: 80000
AVG Time: 2.445000 seconds
Deviation: 0.025000

Threads: 16
Size: 160000
AVG Time: 33.085000 seconds
Deviation: 0.175000

