Threads: 1
AVG Time: 8.379720 seconds
Deviation: 0.039073

