Threads: 1
AVG Time: 2.041600 seconds
Deviation: 0.029389

