Threads: 1
AVG Time: 21.783300 seconds
Deviation: 0.073899

