Threads: 1
AVG Time: 18.505200 seconds
Deviation: 0.085057

