Threads: 1
AVG Time: 25.134600 seconds
Deviation: 0.104622

