Threads: 1
AVG Time: 28.713500 seconds
Deviation: 0.051132

