
Threads: 2
AVG Time: 6.140840 seconds
Deviation: 2.175120

Threads: 4
AVG Time: 6.473830 seconds
Deviation: 3.079830

Threads: 8
AVG Time: 7.170240 seconds
Deviation: 4.283340

Threads: 12
AVG Time: 7.563520 seconds
Deviation: 4.800710

