Threads: 1
AVG Time: 0.423912 seconds
Deviation: 0.006613

