
Threads: 2
AVG Time: 8.845710 seconds
Deviation: 3.140180

Threads: 4
AVG Time: 9.299730 seconds
Deviation: 4.408170

Threads: 8
AVG Time: 10.362900 seconds
Deviation: 6.199000

Threads: 12
AVG Time: 10.833400 seconds
Deviation: 6.878780

