Threads: 1
AVG Time: 0.521918 seconds
Deviation: 0.011787

