
Threads: 2
AVG Time: 0.022231 seconds
Deviation: 0.013802

Threads: 4
AVG Time: 0.028369 seconds
Deviation: 0.016394

Threads: 8
AVG Time: 0.033211 seconds
Deviation: 0.027068

Threads: 12
AVG Time: 0.031355 seconds
Deviation: 0.026137

