Threads: 1
AVG Time: 0.096484 seconds
Deviation: 0.006267

