Threads: 1
AVG Time: 15.580100 seconds
Deviation: 0.068551

