Threads: 1
AVG Time: 0.379255 seconds
Deviation: 0.007265

