Threads: 1
AVG Time: 12.900500 seconds
Deviation: 0.063130

