Threads: 1
AVG Time: 1.612640 seconds
Deviation: 0.014038

