
Threads: 2
AVG Time: 0.128486 seconds
Deviation: 0.048266

Threads: 4
AVG Time: 0.139018 seconds
Deviation: 0.069113

Threads: 8
AVG Time: 0.166618 seconds
Deviation: 0.105476

Threads: 12
AVG Time: 0.169927 seconds
Deviation: 0.111843

