Threads: 1
AVG Time: 1.154770 seconds
Deviation: 0.004301

