Threads: 1
AVG Time: 0.075361 seconds
Deviation: 0.006323

