Threads: 1
AVG Time: 0.575107 seconds
Deviation: 0.002123

