
Threads: 2
AVG Time: 0.001168 seconds
Deviation: 0.001690

Threads: 4
AVG Time: 0.001218 seconds
Deviation: 0.001456

Threads: 8
AVG Time: 0.013971 seconds
Deviation: 0.015290

Threads: 12
AVG Time: 0.010433 seconds
Deviation: 0.012631

