Threads: 1
AVG Time: 6.460420 seconds
Deviation: 0.026635

