Threads: 1
AVG Time: 0.023081 seconds
Deviation: 0.005578

