Threads: 1
AVG Time: 0.141571 seconds
Deviation: 0.003880

