
Threads: 2
AVG Time: 2.792310 seconds
Deviation: 0.987876

Threads: 4
AVG Time: 2.859440 seconds
Deviation: 1.336280

Threads: 8
AVG Time: 2.916160 seconds
Deviation: 1.692210

