
Threads: 2
AVG Time: 0.064178 seconds
Deviation: 0.024677

Threads: 4
AVG Time: 0.072107 seconds
Deviation: 0.037316

Threads: 8
AVG Time: 0.090930 seconds
Deviation: 0.059612

Threads: 12
AVG Time: 0.087985 seconds
Deviation: 0.059859

