
Threads: 2
AVG Time: 0.042188 seconds
Deviation: 0.017372

Threads: 4
AVG Time: 0.051576 seconds
Deviation: 0.028090

Threads: 8
AVG Time: 0.064410 seconds
Deviation: 0.045018

Threads: 12
AVG Time: 0.062270 seconds
Deviation: 0.044046

