
Threads: 2
AVG Time: 0.249965 seconds
Deviation: 0.089910

Threads: 4
AVG Time: 0.271705 seconds
Deviation: 0.133258

Threads: 8
AVG Time: 0.330146 seconds
Deviation: 0.205758

Threads: 12
AVG Time: 0.332870 seconds
Deviation: 0.215206

