
Threads: 2
AVG Time: 0.142756 seconds
Deviation: 0.052075

Threads: 4
AVG Time: 0.154751 seconds
Deviation: 0.075858

Threads: 8
AVG Time: 0.193964 seconds
Deviation: 0.122012

Threads: 12
AVG Time: 0.196515 seconds
Deviation: 0.128858

