
Threads: 2
AVG Time: 1.795020 seconds
Deviation: 0.635159

Threads: 4
AVG Time: 1.826630 seconds
Deviation: 0.855527

Threads: 8
AVG Time: 1.871800 seconds
Deviation: 1.085960

