Threads: 1
AVG Time: 0.060007 seconds
Deviation: 0.002463

