Threads: 1
AVG Time: 0.169349 seconds
Deviation: 0.007328

