Threads: 1
AVG Time: 0.032979 seconds
Deviation: 0.006255

