
Threads: 2
AVG Time: 0.703155 seconds
Deviation: 0.249013

Threads: 4
AVG Time: 0.716732 seconds
Deviation: 0.336837

Threads: 8
AVG Time: 0.732326 seconds
Deviation: 0.425593

