Threads: 1
AVG Time: 0.003712 seconds
Deviation: 0.000636

