Threads: 1
AVG Time: 4.547140 seconds
Deviation: 0.024297

