
Threads: 2
AVG Time: 0.007429 seconds
Deviation: 0.005215

Threads: 4
AVG Time: 0.009868 seconds
Deviation: 0.006631

Threads: 8
AVG Time: 0.017293 seconds
Deviation: 0.016440

Threads: 12
AVG Time: 0.016090 seconds
Deviation: 0.016189

