Threads: 1
AVG Time: 0.140931 seconds
Deviation: 0.005007

