Threads: 1
AVG Time: 0.520927 seconds
Deviation: 0.007302

