Threads: 1
AVG Time: 3.163870 seconds
Deviation: 0.015246

