Threads: 1
AVG Time: 4.137060 seconds
Deviation: 0.003007

