
Threads: 2
AVG Time: 0.090381 seconds
Deviation: 0.032773

Threads: 4
AVG Time: 0.103441 seconds
Deviation: 0.053778

Threads: 8
AVG Time: 0.122805 seconds
Deviation: 0.078356

Threads: 12
AVG Time: 0.125848 seconds
Deviation: 0.083859

