Threads: 1
AVG Time: 10.463100 seconds
Deviation: 0.051803

