Threads: 1
AVG Time: 0.474004 seconds
Deviation: 0.009115

