
Threads: 2
AVG Time: 0.012545 seconds
Deviation: 0.008257

Threads: 4
AVG Time: 0.016122 seconds
Deviation: 0.011087

Threads: 8
AVG Time: 0.018925 seconds
Deviation: 0.017697

Threads: 12
AVG Time: 0.019660 seconds
Deviation: 0.017901

