Threads: 1
AVG Time: 6.337290 seconds
Deviation: 0.001573

