Threads: 1
AVG Time: 0.265369 seconds
Deviation: 0.003480

